20 143
4 145
42 145
19 118
94 222
92 238
105 137
122 137
103 115
84 144
91 372
93 341
75 370
107 370
14 366
13 391
16 349
30 369
93 322
93 305
103 27
99 47
98 88
100 71
18 101
15 85
15 53
17 31
16 69
13 289
16 261
15 312
46 370
15 330
93 284
91 260
16 244
94 165
75 146
67 146
101 9
18 9
18 0
107 322
91 306
100 296
93 288
13 225
13 176
43 146
4 216
92 0

0 1
0 2
0 3
1 50
2 49
3 24
4 5
4 37
5 35
6 7
6 8
6 9
8 22
9 38
10 11
10 12
10 13
11 18
12 32
13 43
14 15
14 16
14 17
16 33
17 32
18 19
19 46
20 21
20 40
21 23
22 23
24 25
25 28
26 27
26 28
27 41
29 30
29 31
30 36
31 33
34 35
34 46
36 47
37 38
38 39
39 49
40 41
40 51
41 42
42 51
43 44
44 45
45 46
47 48
47 50
48 49
