Jumlah Vertex: 41
Jumlah Edge: 39

Vertices:
(20, 143)
(94, 222)
(13, 225)
(105, 137)
(91, 372)
(14, 366)
(42, 145)
(93, 322)
(103, 27)
(98, 88)
(18, 101)
(15, 53)
(13, 289)
(99, 47)
(84, 144)
(19, 118)
(103, 115)
(18, 0)
(17, 31)
(101, 9)
(30, 369)
(15, 312)
(67, 146)
(75, 370)
(46, 370)
(13, 391)
(93, 341)
(93, 305)
(93, 284)
(15, 330)
(15, 85)
(16, 244)
(16, 261)
(4, 145)
(16, 349)
(100, 71)
(91, 260)
(92, 238)
(16, 69)
(107, 370)
(122, 137)

Edges:
((4, 145), (20, 143))
((20, 143), (42, 145))
((19, 118), (20, 143))
((92, 238), (94, 222))
((13, 225), (16, 244))
((105, 137), (122, 137))
((103, 115), (105, 137))
((84, 144), (105, 137))
((91, 372), (93, 341))
((75, 370), (91, 372))
((91, 372), (107, 370))
((13, 391), (14, 366))
((14, 366), (16, 349))
((14, 366), (30, 369))
((42, 145), (67, 146))
((93, 322), (93, 341))
((93, 305), (93, 322))
((101, 9), (103, 27))
((99, 47), (103, 27))
((98, 88), (103, 115))
((98, 88), (100, 71))
((15, 85), (18, 101))
((18, 101), (19, 118))
((15, 53), (17, 31))
((15, 53), (16, 69))
((13, 289), (16, 261))
((13, 289), (15, 312))
((99, 47), (100, 71))
((67, 146), (84, 144))
((17, 31), (18, 0))
((30, 369), (46, 370))
((15, 312), (15, 330))
((46, 370), (75, 370))
((93, 284), (93, 305))
((91, 260), (93, 284))
((15, 330), (16, 349))
((15, 85), (16, 69))
((16, 244), (16, 261))
((91, 260), (92, 238))
