16 261
92 238
15 85
103 27
100 71
13 225
13 289
30 369
91 260
16 349
105 137
103 115
42 145
98 88
94 222
122 137
93 284
14 366
84 144
99 47
19 118
93 305
18 101
91 372
67 146
4 145
75 370
15 53
16 244
18 0
46 370
15 312
93 341
13 391
15 330
20 143
107 370
93 322
101 9
17 31
16 69

35 25
25 35
35 12
12 35
35 20
20 35
14 1
1 14
5 28
28 5
10 15
15 10
10 11
11 10
10 18
18 10
23 32
32 23
23 26
26 23
23 36
36 23
17 33
33 17
17 9
9 17
17 7
7 17
12 35
35 12
12 24
24 12
37 32
32 37
37 21
21 37
3 38
38 3
3 19
19 3
13 11
11 13
13 4
4 13
22 2
2 22
22 20
20 22
27 39
39 27
27 40
40 27
6 0
0 6
6 31
31 6
19 3
3 19
19 4
4 19
18 10
10 18
18 24
24 18
20 35
35 20
20 22
22 20
11 13
13 11
11 10
10 11
29 39
39 29
39 29
29 39
39 27
27 39
38 3
3 38
7 30
30 7
7 17
17 7
31 6
6 31
31 34
34 31
24 18
18 24
24 12
12 24
26 30
30 26
26 23
23 26
30 7
7 30
30 26
26 30
33 17
17 33
32 23
23 32
32 37
37 32
21 16
16 21
21 37
37 21
16 21
21 16
16 8
8 16
34 9
9 34
34 31
31 34
2 22
22 2
2 40
40 2
28 0
0 28
28 5
5 28
0 6
6 0
0 28
28 0
25 35
35 25
9 17
17 9
9 34
34 9
4 13
13 4
4 19
19 4
8 16
16 8
8 1
1 8
1 14
14 1
1 8
8 1
40 27
27 40
40 2
2 40
36 23
23 36
15 10
10 15
