188 398
161 398
382 30
362 28
227 141
225 160
271 282
290 282
332 286
331 269
308 281
327 217
343 213
330 233
330 201
307 215
69 283
66 259
273 27
301 26
221 214
225 195
63 215
43 214
81 214
67 232
324 31
340 28
326 48
324 8
119 216
102 214
121 196
123 232
143 212
184 285
167 283
123 396
143 398
125 378
122 279
124 298
148 282
18 214
332 367
331 342
332 384
118 120
119 146
123 316
330 313
119 163
120 180
125 352
122 335
329 251
239 215
258 215
123 249
223 179
325 83
327 64
327 185
329 154
117 46
120 68
329 137
328 105
326 121
119 85
203 215
186 215
288 215
163 212
359 215
378 213
399 215
1 211
120 104
254 46
203 46
181 24
176 7
181 24
233 145
249 129
256 136
270 122
278 129
303 104
307 108
325 90
373 284
352 284
332 298
398 277
400 277
204 264
194 253
204 243
208 215
19 29
23 25
32 25
63 47
102 86
118 113
74 278
83 278
96 286
107 275
122 273
161 44
119 36
119 30
142 7
119 29
116 5
99 5
89 15
79 17
56 2
33 25
19 18
17 2
230 241
232 215

0 1
1 0
2 3
3 2
4 5
5 4
6 7
7 6
8 9
9 8
8 10
10 8
11 12
12 11
11 13
13 11
11 14
14 11
11 15
15 11
16 17
17 16
18 19
19 18
20 21
21 20
22 23
23 22
22 24
24 22
22 25
25 22
26 27
27 26
26 28
28 26
26 19
19 26
26 29
29 26
30 31
31 30
30 32
32 30
30 33
33 30
30 34
34 30
35 36
36 35
37 38
38 37
37 39
39 37
40 41
41 40
40 42
42 40
23 43
43 23
42 36
36 42
44 45
45 44
44 46
46 44
47 48
48 47
41 49
49 41
50 45
45 50
51 52
52 51
51 48
48 51
39 53
53 39
53 54
54 53
9 55
55 9
56 57
57 56
27 3
3 27
58 33
33 58
21 59
59 21
5 59
59 5
60 61
61 60
17 25
25 17
62 63
63 62
62 14
14 62
64 65
65 64
63 66
66 63
67 68
68 67
65 69
69 65
68 66
66 68
54 49
49 54
70 71
71 70
57 72
72 57
1 38
38 1
72 15
15 72
71 73
73 71
28 61
61 28
24 31
31 24
55 13
13 55
74 12
12 74
74 75
75 74
76 75
75 76
43 77
77 43
73 34
34 73
52 32
32 52
78 69
69 78
10 7
7 10
18 79
79 18
79 80
80 79
80 81
81 80
82 81
81 83
83 81
81 82
4 84
84 4
84 85
85 84
85 86
86 85
86 87
87 86
87 88
88 87
88 89
89 88
89 90
90 89
90 91
91 90
60 91
91 67
67 91
91 60
92 93
93 92
93 94
94 93
8 94
94 50
50 94
94 8
76 95
95 76
96 95
95 92
92 95
95 96
35 97
97 35
97 98
98 97
98 99
99 98
99 100
100 99
70 100
100 20
20 100
100 70
101 102
102 101
102 103
103 102
103 104
104 103
104 105
105 104
105 106
106 105
47 106
106 78
78 106
106 47
16 107
107 16
107 108
108 107
108 109
109 108
109 110
110 109
110 111
111 110
40 111
111 58
58 111
111 40
83 112
112 83
112 113
113 112
114 113
113 64
64 113
113 114
82 115
115 82
115 116
116 115
114 116
116 117
117 116
116 114
117 118
118 117
118 119
119 118
119 120
120 119
120 121
121 120
121 122
122 121
122 123
123 122
101 123
123 124
124 123
123 101
6 125
125 6
125 126
126 125
56 126
126 20
20 126
126 56
